,260210003002,260210020003,260210017001,260210022003,260210020002,260210025001,260210010001,260210020001,260210005001,260210110003,260210021002,260210101002,260210011002,260210013001,260210013002,260210014001,260210014002,260210014003,260210015001,260210015002,260210016001,260210017002,260210017003,260210018001,260210018002,260210018003,260210019001,260210111001,260210110001,260210004002,260210006001,260210006002,260210006003,260210007001,260210007002,260210007003,260210008003,260210019002,260210021001,260210021003,260210022001,260210022002,260210023001,260210023002,260210024001,260210024002,260210110002,260210111002,260210111003,260210004001,260210008001,260210101003,260210008002,260210025002,260210213001,260210213002,260210213003,260210214001,260210214002,260210214004,260210214005,260210213004,260210009001,260210009002,260210010002,260210003001,260210011001,260210101001,260210101004
260210003002,0,4.049840194,6.889814673,1.67178121,2.830671831,2.265670347,3.331450341,2.67456529,1.899298551,15.22073069,2.157651805,8.47662706,5.687400901,6.372487199,6.179546429,7.073980827,7.061195399,7.711170325,9.617638992,10.06271977,8.234541735,8.754725128,9.99316835,6.127232744,6.758470722,8.23672041,5.357396914,14.71834295,11.84749557,1.875505733,2.200736054,2.381755863,2.536711397,2.949980447,3.194372306,3.86558311,3.782376979,8.435634702,2.123923076,2.956086898,0.458470695,1.070917061,1.120459353,1.295699108,3.679093831,3.59415931,11.65860723,12.36316815,16.26240252,1.576434369,2.974441379,5.515770648,3.345601799,1.36989548,11.7332929,12.27070301,12.55607786,11.31625681,12.79175033,13.54683087,14.43048682,12.95368941,4.835013385,4.952878679,4.087795785,1.312657941,4.814315599,2.970047559,5.671050498
260210020003,4.049840194,0,2.950360022,3.343194034,1.36786635,6.056098497,2.309085157,1.375575524,2.348979693,11.1824913,2.595623699,12.45316125,2.027230515,3.476659188,2.878825288,3.241858422,3.552730735,4.013829012,6.117325592,6.298351536,4.344067083,4.714002543,6.011835986,2.511177733,2.734597898,4.508294317,3.564619406,10.90489908,7.813205571,3.065404137,1.861550626,1.869192079,1.999464156,1.92219881,1.480774606,1.022595438,2.655101263,5.738698833,2.235255528,1.537735659,3.609265335,3.03341567,4.891802529,4.396728523,5.897258803,4.151210925,7.615374536,8.430412885,12.2677588,2.825341165,2.772400083,9.551318708,3.351952322,4.907504089,8.761610288,9.174908299,9.656906281,7.572259382,9.456532858,10.20143465,10.62797437,9.86593053,2.760350174,2.219907216,1.936008909,2.809961738,1.213756512,7.016820848,9.511300308
260210017001,6.889814673,2.950360022,0,6.291221787,4.06159363,8.984979373,4.163733727,4.259487663,5.037915253,8.619420812,5.533114255,15.35428798,1.350180787,2.450006063,1.705303532,0.503640054,1.422954135,1.3315678,3.436032749,3.389297808,1.397956414,2.026891418,3.104275651,2.910068734,1.526753193,3.566516052,5.394452449,7.957947537,5.010521772,5.520713054,4.699279391,4.53455873,4.485181509,4.176492907,3.796935185,3.070920137,4.122025215,6.106840097,5.185566481,4.449999047,6.473039798,5.931768565,7.807605401,7.343559929,8.75760305,6.84545605,5.086194584,5.490297567,9.372983574,5.469106927,4.748341383,12.40303017,5.060078341,7.528774138,8.325987406,8.53929673,9.224608121,6.027024189,8.46324396,9.138040679,8.75932927,9.181172325,3.320361993,2.62812038,3.296890067,5.589787017,2.10639169,9.851145837,12.44718321
260210022003,1.67178121,3.343194034,6.291221787,0,2.586064004,2.860278512,3.686682513,2.171495661,2.139528269,14.20323477,0.785606016,9.259902788,5.292875372,6.393439967,5.99892928,6.580002395,6.792898574,7.327878045,9.387304594,9.636512211,7.686711018,7.955265878,9.321551813,4.905467999,5.815169055,6.975415344,3.738172357,14.2478601,11.04658377,2.717470985,1.928271514,2.377368604,2.711604915,3.129356436,3.14352345,3.599552926,4.218061086,6.851959887,1.114980424,1.872992422,1.343934509,1.056314747,1.844558831,1.146130389,2.780918089,1.98715479,10.68680727,11.75586177,15.54507146,2.196452752,3.582526131,6.514032008,4.144233753,3.039074246,10.15772084,10.71610287,10.96147848,10.00399806,11.29412265,12.04632753,13.12505494,11.39223221,5.073871872,4.940571487,4.173194683,1.727053109,4.405723601,4.124078466,6.240244949
260210020002,2.830671831,1.36786635,4.06159363,2.586064004,0,4.987366757,1.383897037,0.504832406,1.001486678,12.49626097,2.026034421,11.30485126,2.869048316,3.808967084,3.457772786,4.246233112,4.298821052,4.908423988,6.887712249,7.256373113,5.404630985,5.961559637,7.165825039,3.819856087,4.082641055,5.862132397,4.258104152,11.9088784,9.040220442,1.703569235,0.688552486,0.504833059,0.674939288,0.805898232,0.588947825,1.061558526,1.891774929,6.845631626,1.555100135,1.428780807,2.425508289,1.929948807,3.796759323,3.446727889,5.350151547,4.000134751,8.925502382,9.5328961,13.43448321,1.468768825,1.639474367,8.341487366,2.282344868,3.560005381,9.980183324,10.42574445,10.86340349,8.934801358,10.76026878,11.50951726,11.9954681,11.11842234,2.537693729,2.354693948,1.610227709,1.528558388,1.986830572,5.789650655,8.448050629
260210025001,2.265670347,6.056098497,8.984979373,2.860278512,4.987366757,0,5.597093774,4.727143096,4.1306275,17.06067578,3.637592015,6.415628278,7.85380842,8.632052206,8.408462458,9.215300715,9.275072097,9.895699743,11.84973538,12.24237442,10.36029038,10.75055304,12.06698065,7.763284288,8.647050976,9.820571049,6.297992797,16.89206205,13.85051276,4.119581594,4.311469654,4.585114819,4.780857901,5.203052307,5.41436017,6.046262078,6.042553865,9.409525638,3.863616341,4.695714931,2.586818503,3.0637468,1.191693346,1.714978646,2.672250816,3.906384596,13.53598118,14.47524508,18.32283765,3.840792782,5.224949801,3.674374706,5.541279606,2.705268928,12.68923307,13.28689263,13.43749769,12.82198085,13.95353541,14.69738664,15.93847902,13.94372583,7.100646643,7.202523841,6.342964697,3.534837902,6.965427096,1.554025617,3.464697254
260210010001,3.331450341,2.309085157,4.163733727,3.686682513,1.383897037,5.597093774,0,1.877148435,1.578162134,12.78194435,3.282683728,11.64048939,2.817905236,3.070292001,3.012922581,4.184617839,3.924408266,4.653104993,6.384835386,6.967523675,5.335501868,6.184182164,7.171346068,4.793094163,4.6605334,6.686311481,5.607785833,11.59441894,9.141986559,1.538254934,1.823525086,1.334327105,0.977434133,0.596885744,0.885764454,1.364819194,0.536185671,8.03670852,2.81354402,2.812614789,3.056324952,2.777131442,4.435012528,4.302342161,6.457301829,5.316954469,9.236716216,9.399475485,13.36541644,1.760294105,0.584807426,8.593228823,1.050620252,3.530412865,11.06582448,11.46768279,11.96308426,9.676798884,11.70764182,12.44553439,12.65003913,12.15716182,1.503565078,1.731859049,0.888401674,2.13263973,2.154480989,6.068172215,8.966756593
260210020001,2.67456529,1.375575524,4.259487663,2.171495661,0.504832406,4.727143096,1.877148435,0,1.0776214,12.55494887,1.55248834,11.10085481,3.155271362,4.236611592,3.828080853,4.492827228,4.634244519,5.201029388,7.229803545,7.534666591,5.633410181,6.083314219,7.35109431,3.649236286,4.098254778,5.735427491,3.824581252,12.17474535,9.179652363,1.912846927,0.49805989,0.725296299,1.048965313,1.2870099,1.089097063,1.428951444,2.392467591,6.51721506,1.091501153,0.945538786,2.236484576,1.673885894,3.548132831,3.117455142,4.904636293,3.498891896,8.989269483,9.749483093,13.61676846,1.548991584,2.075454309,8.180984789,2.7237161,3.579023912,9.700043103,10.16689185,10.57379659,8.822842348,10.54696179,11.29959959,11.90944515,10.85946308,3.027255938,2.793828117,2.093809599,1.450835673,2.26245164,5.64277587,8.191140385
260210005001,1.899298551,2.348979693,5.037915253,2.139528269,1.001486678,4.1306275,1.578162134,1.0776214,0,13.49774732,1.87469537,10.36638901,3.800333833,4.513180434,4.283311396,5.194490933,5.162083627,5.814650003,7.723569124,8.16607735,6.359401829,6.958136935,8.140478036,4.721906079,5.077698995,6.798671753,4.747950436,12.82164228,10.03054785,0.866879609,0.62814471,0.504875918,0.654791397,1.086986994,1.29512621,1.98050674,2.097105042,7.556190696,1.454437,1.856851568,1.544888091,1.199526266,2.943902992,2.734867326,4.889897715,3.918644453,9.926985004,10.48712641,14.4054883,0.479049657,1.449004444,7.377210599,2.042621249,2.561238671,10.76245371,11.23657563,11.63150395,9.882493463,11.62427378,12.37704108,12.95892163,11.928898,3.042908529,3.07364517,2.22194797,0.595799091,2.940750256,4.823193667,7.565832694
260210110003,15.22073069,11.1824913,8.619420812,14.20323477,12.49626097,17.06067578,12.78194435,12.55494887,13.49774732,0,13.42314985,23.45883079,9.968816443,10.48770756,10.04204916,8.658349295,9.230011182,8.453651596,7.977397307,6.796965339,7.595757992,6.598628485,5.816981641,9.33590247,8.462558282,7.424961357,11.48205425,5.359666296,3.835321525,14.08528963,13.04403374,12.9970901,13.01737717,12.75405045,12.34524053,11.61485955,12.72757417,9.378199316,13.22494602,12.37709713,14.77161778,14.17530273,15.96418325,15.34611535,16.00616455,13.88545177,3.570832039,4.594973311,3.432058487,13.95995831,13.36673336,20.67420203,13.66655741,16.05070936,8.120483487,7.637738923,8.440415385,5.103947084,6.576398413,6.534470291,3.555202577,7.704319823,11.82718214,11.20180409,11.91567207,13.99070092,10.67482627,18.17146937,20.40591385
260210021002,2.157651805,2.595623699,5.533114255,0.785606016,2.026034421,3.637592015,3.282683728,1.55248834,1.87469537,13.42314985,0,10.04341236,4.58170523,5.780752873,5.332707514,5.837472478,6.096046057,6.60206489,8.68394733,8.893792447,6.93054255,7.172783951,8.546962792,4.141609466,5.029592475,6.225733783,3.224513884,13.49096695,10.2624404,2.631783127,1.459167309,1.950043164,2.317773519,2.693127496,2.611580225,2.963666699,3.818279769,6.279637514,0.473767518,1.093303709,1.733395203,1.198980522,2.578032866,1.923008074,3.365063514,2.051416036,9.902986249,10.98489228,14.76340963,2.100004774,3.297476899,7.277070812,3.912247724,3.457526645,9.575780344,10.11382024,10.40073646,9.272672241,10.64813039,11.40254141,12.39409936,10.79633023,4.562912798,4.344345353,3.635972667,1.673271856,3.704992937,4.849738485,7.025757477
260210101002,8.47662706,12.45316125,15.35428798,9.259902788,11.30485126,6.415628278,11.64048939,11.10085481,10.36638901,23.45883079,10.04341236,0,14.16346594,14.70325645,14.61148288,15.550291,15.50874234,16.17954521,18.02341744,18.53014179,16.70938256,17.1598748,18.45159535,14.13385631,15.06242496,16.14754222,12.35686323,23.18460525,20.26065038,10.10287127,10.65517087,10.85682504,10.98203346,11.369502,11.65792838,12.34148109,11.98763326,15.31663368,10.27880065,11.11047172,8.882594791,9.427088954,7.561721245,8.122786735,7.836334169,9.832483374,19.94639857,20.83701151,24.71740221,9.987117723,11.15340883,3.073820964,11.2581763,8.15121678,18.45185154,19.09682895,19.09092987,19.07140131,19.89806901,20.61531341,22.16026497,19.70670601,13.09496003,13.35027324,12.47917482,9.788135117,13.29046929,5.573355463,3.100344737
260210011002,5.687400901,2.027230515,1.350180787,5.292875372,2.869048316,7.85380842,2.817905236,3.155271362,3.800333833,9.968816443,4.58170523,14.16346594,0,1.733370067,0.964393792,1.400445089,1.525554416,2.046331202,4.10251423,4.388591382,2.567724686,3.376677909,4.380978883,3.144896303,2.255375522,4.453777099,5.194154363,9.039872119,6.331512069,4.212349381,3.542709028,3.306706635,3.209372758,2.869509127,2.521067708,1.821984942,2.775835209,6.588315653,4.17903918,3.557484667,5.292939103,4.79110847,6.664379036,6.272423236,7.916535718,6.164875404,6.435460895,6.689688286,10.62424329,4.205750945,3.401854408,11.17613361,3.71252475,6.232417125,9.165007731,9.451435211,10.07348435,7.192569449,9.492998014,10.1961758,10.02785674,10.11725172,2.051148272,1.320431917,1.946918628,4.375356229,0.892879597,8.622334042,11.31627027
260210013001,6.372487199,3.476659188,2.450006063,6.393439967,3.808967084,8.632052206,3.070292001,4.236611592,4.513180434,10.48770756,5.780752873,14.70325645,1.733370067,0,0.808798769,2.102286926,1.277317786,2.03717071,3.349543751,4.088250111,2.925043477,4.190065507,4.673873262,4.867581545,3.815415301,5.976631669,6.878525017,8.615682617,6.678377538,4.607166311,4.484403786,4.100497403,3.858585915,3.430733126,3.276945226,2.8178675,2.726320173,8.291883816,5.327510363,4.886887849,6.054845489,5.670528104,7.452304588,7.216308793,9.141010397,7.582606325,7.122046993,6.612463693,10.58076976,4.797148932,3.553163689,11.64750289,3.557861248,6.565760288,10.73515243,10.97285052,11.63891468,8.451526856,10.91324924,11.58653619,11.07240596,11.62110738,1.620739766,1.456698781,2.291494451,5.106391342,2.277364912,9.134035538,12.0306074
260210013002,6.179546429,2.878825288,1.705303532,5.99892928,3.457772786,8.408462458,3.012922581,3.828080853,4.283311396,10.04204916,5.332707514,14.61148288,0.964393792,0.808798769,0,1.440561288,0.911946899,1.663985243,3.441281645,3.954609615,2.45059186,3.583482067,4.277915999,4.068665406,3.012439039,5.184884284,6.155893879,8.587805404,6.284149163,4.527861008,4.146288992,3.824305427,3.643783913,3.243548442,2.99410415,2.405722812,2.796015847,7.485087561,4.900743409,4.365871608,5.822324066,5.377868842,7.217898417,6.904450166,8.694749391,7.028202692,6.59462131,6.405398575,10.37928505,4.629266335,3.561678112,11.5820663,3.710455036,6.540444057,9.938915265,10.18667934,10.84392311,7.732143087,10.15181775,10.83384965,10.42865812,10.83928217,1.793812366,1.281588122,2.14078785,4.877544397,1.667442045,9.040825292,11.84904436
260210014001,7.073980827,3.241858422,0.503640054,6.580002395,4.246233112,9.215300715,4.184617839,4.492827228,5.194490933,8.658349295,5.837472478,15.550291,1.400445089,2.102286926,1.440561288,0,0.958514048,0.852771964,2.987388883,3.056857481,1.16731179,2.144420378,2.988767702,3.409741121,2.026509446,4.016423666,5.868634656,7.682456909,4.960517496,5.609428842,4.90741628,4.697409221,4.609375766,4.268298981,3.92057733,3.213994014,4.078277873,6.60310926,5.466927427,4.769095609,6.671324985,6.152309014,8.029820978,7.602730293,9.108891667,7.237700506,5.173843089,5.292644719,9.22382661,5.605033939,4.763771765,12.57168062,5.015473342,7.631175486,8.765781,8.959498128,9.660238374,6.351358549,8.844162356,9.505738872,8.994254646,9.592893104,3.180422796,2.544814817,3.299418944,5.764014134,2.259834485,10.01766772,12.67997171
260210014002,7.061195399,3.552730735,1.422954135,6.792898574,4.298821052,9.275072097,3.924408266,4.634244519,5.162083627,9.230011182,6.096046057,15.50874234,1.525554416,1.277317786,0.911946899,0.958514048,0,0.782101338,2.595593795,3.043313596,1.649240818,2.92911904,3.428654909,4.233431051,2.937967324,4.973901271,6.561458026,7.682194184,5.438244841,5.435338014,4.985464055,4.691487354,4.530750979,4.13943279,3.867638664,3.237547741,3.701898749,7.517891424,5.682916149,5.081945384,6.692959741,6.227968631,8.083424502,7.73882965,9.439364638,7.683556362,5.845271063,5.498693803,9.473968396,5.522273266,4.473390424,12.48511514,4.607900596,7.450514691,9.724279755,9.915288895,10.61850938,7.258773701,9.784480736,10.43817681,9.814055512,10.54617751,2.669990685,2.193478165,3.049347048,5.753426442,2.391229961,9.940806046,12.72503991
260210014003,7.711170325,4.013829012,1.3315678,7.327878045,4.908423988,9.895699743,4.653104993,5.201029388,5.814650003,8.453651596,6.60206489,16.17954521,2.046331202,2.03717071,1.663985243,0.852771964,0.782101338,0,2.142046655,2.351556987,0.90821161,2.271571434,2.647374174,4.235685769,2.803449974,4.632651694,6.71968696,7.007200417,4.656691331,6.143214738,5.586445432,5.33032569,5.199477491,4.825432311,4.521658565,3.851937833,4.459093627,7.338968161,6.212919193,5.550610127,7.326679796,6.83477986,8.705172952,8.31842657,9.905308626,8.064994273,5.096029779,4.747761781,8.718783329,6.196932594,5.213058863,13.17209964,5.374090949,8.165351218,9.325010447,9.470979262,10.20623311,6.679301346,9.268579894,9.898935512,9.130060099,10.08236589,3.445333252,2.932629924,3.768783611,6.398796459,2.939079115,10.62183077,13.35602032
260210015001,9.617638992,6.117325592,3.436032749,9.387304594,6.887712249,11.84973538,6.384835386,7.229803545,7.723569124,7.977397307,8.68394733,18.02341744,4.10251423,3.349543751,3.441281645,2.987388883,2.595593795,2.142046655,0,1.207286425,2.298427497,3.393951092,2.631801286,6.27476857,4.786505435,6.252781919,8.824084096,5.281803318,4.224420013,7.921061025,7.575603376,7.265253239,7.080933108,6.673246278,6.435383263,5.82800834,6.072505802,9.130568501,8.276050931,7.654067091,9.263569276,8.814078705,10.65907862,10.33161892,12.01436478,10.20218751,5.194656832,3.57711068,7.423907106,8.059210519,6.892427461,14.97788466,6.902760845,9.904498667,10.67273424,10.70401168,11.50634054,7.590189862,10.30274883,10.84358959,9.481796258,11.25083249,4.969796613,4.676452141,5.547959534,8.318277655,4.982592793,12.45010232,15.28837911
260210015002,10.06271977,6.298351536,3.389297808,9.636512211,7.256373113,12.24237442,6.967523675,7.534666591,8.16607735,6.796965339,8.893792447,18.53014179,4.388591382,4.088250111,3.954609615,3.056857481,3.043313596,2.351556987,1.207286425,0,2.012657171,2.644686923,1.527900411,5.964956141,4.467293955,5.560406694,8.589074513,4.655645195,3.020027055,8.476469094,7.931259436,7.681741216,7.548739681,7.169472331,6.872654167,6.202111171,6.72807473,8.494424683,8.522953895,7.821754119,9.677075729,9.179610979,11.05269627,10.65048087,12.14602944,10.22519975,4.006079272,2.539775747,6.494509854,8.545365701,7.513074357,15.51817851,7.613443293,10.49351485,9.748161677,9.729894755,10.55367685,6.537658179,9.259741272,9.769198592,8.29627168,10.24739989,5.660777029,5.236031486,6.092014187,8.750313923,5.278446958,12.96963797,15.70438042
260210016001,8.234541735,4.344067083,1.397956414,7.686711018,5.404630985,10.36029038,5.335501868,5.633410181,6.359401829,7.595757992,6.93054255,16.70938256,2.567724686,2.925043477,2.45059186,1.16731179,1.649240818,0.90821161,2.298427497,2.012657171,0,1.39823427,1.840499889,4.018001553,2.516762375,4.016774455,6.615907412,6.561240429,3.837627541,6.774364977,6.059184026,5.861029565,5.776632128,5.434468856,5.087722434,4.379054917,5.200125736,6.849449753,6.578977053,5.847955158,7.827762826,7.300268742,9.178050568,8.731215233,10.14858417,8.21380327,4.197260643,4.128826457,8.056705507,6.77203821,5.910832871,13.73646425,6.131371338,8.796988792,8.606443158,8.713366025,9.473187468,5.828147819,8.455177871,9.067480378,8.225371187,9.307021179,4.242820467,3.660239896,4.447719638,6.92618263,3.421017471,11.18247573,13.82453441
260210017002,8.754725128,4.714002543,2.026891418,7.955265878,5.961559637,10.75055304,6.184182164,6.083314219,6.958136935,6.598628485,7.172783951,17.1598748,3.376677909,4.190065507,3.583482067,2.144420378,2.92911904,2.271571434,3.393951092,2.644686923,1.39823427,0,1.51408288,3.579271367,2.202647857,2.917095608,6.202375272,6.574131683,3.100819662,7.501931421,6.554751806,6.453614413,6.44464987,6.163996977,5.764361718,5.032938381,6.148225889,5.849792662,6.891028113,6.082372275,8.319791496,7.74739731,9.599092939,9.062767344,10.18626599,8.141460939,3.059478761,3.926667883,7.591179682,7.408171146,6.768985504,14.26411141,7.086611989,9.489549835,7.299457379,7.369140701,8.149256435,4.430542519,7.07061073,7.674185093,6.885090498,7.946994017,5.311321158,4.642916143,5.322525997,7.481659067,4.082581631,11.72464778,14.18734814
260210017003,9.99316835,6.011835986,3.104275651,9.321551813,7.165825039,12.06698065,7.171346068,7.35109431,8.140478036,5.816981641,8.546962792,18.45159535,4.380978883,4.673873262,4.277915999,2.988767702,3.428654909,2.647374174,2.631801286,1.527900411,1.840499889,1.51408288,0,5.091006693,3.681279673,4.274050065,7.716391818,5.067783134,2.009736279,8.593231413,7.799415578,7.637766532,7.577096705,7.249696157,6.887445088,6.167330208,7.040450816,7.208205486,8.233153409,7.453785924,9.573791567,9.024978431,10.89668163,10.40417096,11.64123599,9.619349568,2.627341368,2.44985303,6.269246634,8.566726393,7.748474363,15.50715026,7.970876687,10.61180082,8.250074854,8.21337895,9.043306245,5.009757783,7.731856736,8.243987008,6.882323164,8.723413982,6.071627974,5.500564668,6.28449127,8.694062662,5.202557926,12.95541786,15.52299912
260210018001,6.127232744,2.511177733,2.910068734,4.905467999,3.819856087,7.763284288,4.793094163,3.649236286,4.721906079,9.33590247,4.141609466,14.13385631,3.144896303,4.867581545,4.068665406,3.409741121,4.233431051,4.235685769,6.27476857,5.964956141,4.018001553,3.579271367,5.091006693,0,1.50262062,2.109961718,2.636333563,10.15282646,6.464545317,5.516097494,4.136427212,4.293485305,4.48317827,4.433369758,3.991102461,3.439948316,5.074234163,3.458239493,4.021214616,3.173630834,5.66886081,5.056362067,6.71764789,6.051358332,6.755460921,4.655516524,5.88420591,7.494945713,10.98450486,5.197222967,5.280211987,11.41749244,5.843162329,7.201532937,6.284589653,6.674671028,7.187226312,5.1957849,6.947779788,7.694504815,8.304470885,7.364073752,4.867900364,4.158247675,4.254328448,5.063851111,2.981957711,8.979311867,11.07143424
260210018002,6.758470722,2.734597898,1.526753193,5.815169055,4.082641055,8.647050976,4.6605334,4.098254778,5.077698995,8.462558282,5.029592475,15.06242496,2.255375522,3.815415301,3.012439039,2.026509446,2.937967324,2.803449974,4.786505435,4.467293955,2.516762375,2.202647857,3.681279673,1.50262062,0,2.198779275,4.122427288,8.746214584,5.247213854,5.74399994,4.591330302,4.587473778,4.662437592,4.47390079,4.033996747,3.336763861,4.78925263,4.581327643,4.786776247,3.952286757,6.309062512,5.713840361,7.522501665,6.9418708,7.98411867,5.941590033,4.905450201,6.12130817,9.767128986,5.550569383,5.221881846,12.2236842,5.67713373,7.63875451,6.931512491,7.20054285,7.838157618,5.030773546,7.243673457,7.953056636,7.992628263,7.863700719,4.266559518,3.521198781,3.917291498,5.542786927,2.533624821,9.710630648,12.05530984
260210018003,8.23672041,4.508294317,3.566516052,6.975415344,5.862132397,9.820571049,6.686311481,5.735427491,6.798671753,7.424961357,6.225733783,16.14754222,4.453777099,5.976631669,5.184884284,4.016423666,4.973901271,4.632651694,6.252781919,5.560406694,4.016774455,2.917095608,4.274050065,2.109961718,2.198779275,0,4.074305847,9.066409667,5.065566516,7.565701442,6.228062791,6.350896098,6.507493069,6.403802802,5.955581396,5.323988044,6.883824434,2.940643826,6.126745688,5.281875205,7.778417108,7.165937259,8.803568754,8.117321615,8.583966317,6.463916648,4.172833333,6.392567708,9.446107903,7.276768247,7.216296907,13.48771757,7.729391988,9.302763274,4.761681785,5.005142033,5.663298141,3.089381553,5.063919761,5.785729761,6.194513226,5.665506627,6.447688072,5.702770604,6.020569853,7.164190339,4.646396503,11.07340131,13.06511541
260210019001,5.357396914,3.564619406,5.394452449,3.738172357,4.258104152,6.297992797,5.607785833,3.824581252,4.747950436,11.48205425,3.224513884,12.35686323,5.194154363,6.878525017,6.155893879,5.868634656,6.561458026,6.71968696,8.824084096,8.589074513,6.615907412,6.202375272,7.716391818,2.636333563,4.122427288,4.074305847,0,12.76672538,8.974121922,5.609866476,4.136968773,4.537893387,4.873453779,5.059516097,4.726378492,4.546391525,6.064122209,3.129097994,3.427457864,2.90599978,4.951582859,4.418949133,5.511866505,4.737686095,4.597829268,2.524714574,8.223558356,10.09658438,13.45266963,5.12499095,5.892268985,9.931600977,6.53848868,6.68087473,6.432168999,7.007875702,7.225094113,6.756404194,7.656168737,8.399401913,9.81358651,7.675868407,6.323541888,5.765925556,5.465981029,4.782997169,4.640131777,7.744222694,9.256688814
260210111001,14.71834295,10.90489908,7.957947537,14.2478601,11.9088784,16.89206205,11.59441894,12.17474535,12.82164228,5.359666296,13.49096695,23.18460525,9.039872119,8.615682617,8.587805404,7.682456909,7.682194184,7.007200417,5.281803318,4.655645195,6.561240429,6.574131683,5.067783134,10.15282646,8.746214584,9.066409667,12.76672538,0,4.102695235,13.11565335,12.58069831,12.33722233,12.20260497,11.81932274,11.52793424,10.85667363,11.32098147,11.87026065,13.13918839,12.40592551,14.33141321,13.82837323,15.70365669,15.28459461,16.67113601,14.67484553,5.38291446,2.683313894,2.788127223,13.19830341,12.12589087,20.16707681,12.17353716,15.12481066,11.97906902,11.70485987,12.57539295,8.459713607,10.85877391,11.08476155,8.518904607,12.00556953,10.22882872,9.864159232,10.72853023,13.4058957,9.926679726,17.62106863,20.3556102
260210110001,11.84749557,7.813205571,5.010521772,11.04658377,9.040220442,13.85051276,9.141986559,9.179652363,10.03054785,3.835321525,10.2624404,20.26065038,6.331512069,6.678377538,6.284149163,4.960517496,5.438244841,4.656691331,4.224420013,3.020027055,3.837627541,3.100819662,2.009736279,6.464545317,5.247213854,5.065566516,8.974121922,4.102695235,0,10.53084317,9.646760513,9.525724753,9.493254478,9.186286138,8.806163545,8.077942109,9.03256399,7.787808188,9.989446966,9.174961339,11.4155619,10.84647072,12.6998983,12.15976129,13.19616444,11.11392868,1.390754543,1.62088433,4.527220088,10.47134675,9.722842615,17.36032925,9.966379503,12.53853442,7.996815755,7.79600283,8.665075266,4.486278116,7.075183059,7.436270097,5.464919621,8.181175005,8.077887901,7.493576128,8.258897022,10.56579683,7.115213068,14.81739124,17.2832356
260210004002,1.875505733,3.065404137,5.520713054,2.717470985,1.703569235,4.119581594,1.538254934,1.912846927,0.866879609,14.08528963,2.631783127,10.10287127,4.212349381,4.607166311,4.527861008,5.609428842,5.435338014,6.143214738,7.921061025,8.476469094,6.774364977,7.501931421,8.593231413,5.516097494,5.74399994,7.565701442,5.609866476,13.11565335,10.53084317,0,1.493129931,1.223355684,1.081585551,1.344772068,1.740059544,2.470693557,1.932217196,8.417973476,2.259243126,2.723641857,1.70347024,1.666096507,2.995963718,3.013009386,5.331757146,4.626532148,10.51845182,10.87597896,14.82831245,0.534540162,1.105686552,7.059192142,1.499015743,2.024361125,11.61269991,12.07880064,12.48533378,10.63692972,12.44469651,13.19580237,13.69095258,12.77144863,3.018967403,3.25414577,2.387137011,0.995126949,3.421541273,4.530119423,7.443432857
260210006001,2.200736054,1.861550626,4.699279391,1.928271514,0.688552486,4.311469654,1.823525086,0.49805989,0.62814471,13.04403374,1.459167309,10.65517087,3.542709028,4.484403786,4.146288992,4.90741628,4.985464055,5.586445432,7.575603376,7.931259436,6.059184026,6.554751806,7.799415578,4.136427212,4.591330302,6.228062791,4.136968773,12.58069831,9.646760513,1.493129931,0,0.492534029,0.864325036,1.235792131,1.216749566,1.748008708,2.359222862,6.928099784,0.991484518,1.235445726,1.774393153,1.248436778,3.123315136,2.758180952,4.70660546,3.499360852,9.476769088,10.18370131,14.06814215,1.076444824,1.878020629,7.715331785,2.51500894,3.08171559,10.13776942,10.61551029,11.0053809,9.316387344,11.01494077,11.7684916,12.40543654,11.30760196,3.149058523,3.027887366,2.245050155,0.953426442,2.654019078,5.170690044,7.775035415
260210006002,2.381755863,1.869192079,4.53455873,2.377368604,0.504833059,4.585114819,1.334327105,0.725296299,0.504875918,12.9970901,1.950043164,10.85682504,3.306706635,4.100497403,3.824305427,4.697409221,4.691487354,5.33032569,7.265253239,7.681741216,5.861029565,6.453614413,7.637766532,4.293485305,4.587473778,6.350896098,4.537893387,12.33722233,9.525724753,1.223355684,0.492534029,0,0.373235428,0.754823631,0.832291488,1.484777168,1.870485966,7.237643865,1.483850281,1.637044456,2.001498946,1.570237689,3.393989019,3.115939368,5.157815394,3.991894881,9.426258542,9.989528718,13.90383166,0.964571764,1.400973046,7.875780734,2.044859594,3.0564221,10.40682747,10.86499155,11.28418948,9.428193314,11.22201468,11.9728734,12.49411654,11.55775215,2.701505979,2.647722725,1.82482049,1.069121861,2.440609113,5.321967393,8.034037216
260210006003,2.536711397,1.999464156,4.485181509,2.711604915,0.674939288,4.780857901,0.977434133,1.048965313,0.654791397,13.01737717,2.317773519,10.98203346,3.209372758,3.858585915,3.643783913,4.609375766,4.530750979,5.199477491,7.080933108,7.548739681,5.776632128,6.44464987,7.577096705,4.48317827,4.662437592,6.507493069,4.873453779,12.20260497,9.493254478,1.081585551,0.864325036,0.373235428,0,0.434862244,0.689710742,1.415377603,1.512402946,7.515584369,1.854247317,1.985247357,2.197493367,1.838188603,3.596231232,3.381991202,5.486643913,4.362807994,9.448502925,9.89795892,13.83201453,0.998315882,1.035507074,7.974492569,1.682595567,3.046523569,10.65512259,11.09989538,11.53820319,9.569892195,11.42792394,12.17627992,12.61548802,11.79253603,2.398964888,2.42168519,1.567220468,1.248274438,2.378801235,5.422782046,8.207647958
260210007001,2.949980447,1.92219881,4.176492907,3.129356436,0.805898232,5.203052307,0.596885744,1.2870099,1.086986994,12.75405045,2.693127496,11.369502,2.869509127,3.430733126,3.243548442,4.268298981,4.13943279,4.825432311,6.673246278,7.169472331,5.434468856,6.163996977,7.249696157,4.433369758,4.47390079,6.403802802,5.059516097,11.81932274,9.186286138,1.344772068,1.235792131,0.754823631,0.434862244,0,0.448265914,1.147576228,1.127839211,7.581777189,2.222120802,2.228527873,2.624261613,2.272822493,4.021614784,3.816848104,5.908353303,4.72214441,9.190733681,9.544429111,13.49053438,1.386328426,0.867647486,8.348754478,1.493570471,3.36297429,10.66767469,11.0916168,11.55853367,9.440043878,11.377801,12.12184845,12.45776397,11.78324169,1.965144553,2.002939822,1.139975023,1.676634094,2.081444807,5.801844992,8.619624535
260210007002,3.194372306,1.480774606,3.796935185,3.14352345,0.588947825,5.41436017,0.885764454,1.089097063,1.29512621,12.34524053,2.611580225,11.65792838,2.521067708,3.276945226,2.99410415,3.92057733,3.867638664,4.521658565,6.435383263,6.872654167,5.087722434,5.764361718,6.887445088,3.991102461,4.033996747,5.955581396,4.726378492,11.52793424,8.806163545,1.740059544,1.216749566,0.832291488,0.689710742,0.448265914,0,0.731434956,1.348154215,7.171526461,2.139162711,1.980664136,2.828397103,2.39921179,4.223940192,3.941653545,5.918213386,4.587672287,8.778510058,9.210509544,13.14260688,1.684689846,1.292939328,8.658096274,1.89147343,3.732400255,10.2364416,10.65481552,11.12933618,8.99261935,10.93317254,11.67659213,12.01363128,11.3460577,1.951454717,1.821142843,1.031320259,1.885879658,1.690960801,6.105124434,8.858142904
260210007003,3.86558311,1.022595438,3.070920137,3.599552926,1.061558526,6.046262078,1.364819194,1.428951444,1.98050674,11.61485955,2.963666699,12.34148109,1.821984942,2.8178675,2.405722812,3.213994014,3.237547741,3.851937833,5.82800834,6.202111171,4.379054917,5.032938381,6.167330208,3.439948316,3.336763861,5.323988044,4.546391525,10.85667363,8.077942109,2.470693557,1.748008708,1.484777168,1.415377603,1.147576228,0.731434956,0,1.646921834,6.746998704,2.51484183,2.103097494,3.474965386,2.991434649,4.854980709,4.503904291,6.326665068,4.803236059,8.048946832,8.506621253,12.42829716,2.399445108,1.897111032,9.357716164,2.413771522,4.461623234,9.72181087,10.1131333,10.62216383,8.329897536,10.34313553,11.08074947,11.32767384,10.80155015,1.799195893,1.399866703,0.921392733,2.553386527,0.965073026,6.803699401,9.504541123
260210008003,3.782376979,2.655101263,4.122025215,4.218061086,1.891774929,6.042553865,0.536185671,2.392467591,2.097105042,12.72757417,3.818279769,11.98763326,2.775835209,2.726320173,2.796015847,4.078277873,3.701898749,4.459093627,6.072505802,6.72807473,5.200125736,6.148225889,7.040450816,5.074234163,4.78925263,6.883824434,6.064122209,11.32098147,9.03256399,1.932217196,2.359222862,1.870485966,1.512402946,1.127839211,1.348154215,1.646921834,0,8.391567372,3.348552189,3.317043331,3.536480824,3.291623222,4.896702821,4.803187737,6.984345832,5.84998061,9.207684839,9.200323246,13.17495991,2.232679363,0.837288219,8.92647771,0.93908798,3.841806947,11.35882294,11.73851099,12.26103599,9.820025576,11.93359503,12.66439993,12.74532813,12.42485053,1.108311168,1.539890559,0.872111073,2.632569795,2.255907656,6.426529859,9.373050245
260210019002,8.435634702,5.738698833,6.106840097,6.851959887,6.845631626,9.409525638,8.03670852,6.51721506,7.556190696,9.378199316,6.279637514,15.31663368,6.588315653,8.291883816,7.485087561,6.60310926,7.517891424,7.338968161,9.130568501,8.494424683,6.849449753,5.849792662,7.208205486,3.458239493,4.581327643,2.940643826,3.129097994,11.87026065,7.787808188,8.417973476,6.928099784,7.237643865,7.515584369,7.581777189,7.171526461,6.746998704,8.391567372,0,6.402838766,5.720690057,8.011688075,7.446637741,8.640459584,7.866783589,7.481364092,5.551173542,6.673486083,9.228961801,11.91869554,7.987396518,8.449402183,13.01380068,9.062968581,9.72291566,3.30595306,3.880232186,4.12133499,4.30046562,4.585098699,5.313368204,7.091089422,4.546785023,8.303034562,7.606961535,7.622981744,7.712297326,6.42134496,10.87073091,12.22962982
260210021001,2.123923076,2.235255528,5.185566481,1.114980424,1.555100135,3.863616341,2.81354402,1.091501153,1.454437,13.22494602,0.473767518,10.27880065,4.17903918,5.327510363,4.900743409,5.466927427,5.682916149,6.212919193,8.276050931,8.522953895,6.578977053,6.891028113,8.233153409,4.021214616,4.786776247,6.126745688,3.427457864,13.13918839,9.989446966,2.259243126,0.991484518,1.483850281,1.854247317,2.222120802,2.139162711,2.51484183,3.348552189,6.402838766,0,0.853451702,1.670014372,1.066832346,2.739491251,2.173224596,3.813500132,2.50858141,9.684897943,10.66056482,14.47297193,1.740150276,2.849520057,7.449646085,3.473748598,3.329679517,9.678284063,10.19631933,10.51990024,9.199352005,10.685265,11.44073188,12.31664016,10.88343264,4.090617372,3.885153995,3.165322296,1.359741877,3.293533579,4.969638383,7.297803494
260210021003,2.956086898,1.537735659,4.449999047,1.872992422,1.428780807,4.695714931,2.812614789,0.945538786,1.856851568,12.37709713,1.093303709,11.11047172,3.557484667,4.886887849,4.365871608,4.769095609,5.081945384,5.550610127,7.654067091,7.821754119,5.847955158,6.082372275,7.453785924,3.173630834,3.952286757,5.281875205,2.90599978,12.40592551,9.174961339,2.723641857,1.235445726,1.637044456,1.985247357,2.228527873,1.980664136,2.103097494,3.317043331,5.720690057,0.853451702,0,2.498279966,1.886379184,3.58779224,2.989839805,4.360346118,2.701789555,8.842264613,9.892518435,13.67209612,2.269235804,3.017708871,8.299415354,3.665955711,4.095818165,8.960159606,9.457299118,9.817489592,8.360180657,9.906606055,10.66194649,11.47478465,10.1475343,3.849809505,3.500910557,2.916714902,2.003364369,2.706180785,5.823088229,8.108933218
260210022001,0.458470695,3.609265335,6.473039798,1.343934509,2.425508289,2.586818503,3.056324952,2.236484576,1.544888091,14.77161778,1.733395203,8.882594791,5.292939103,6.054845489,5.822324066,6.671324985,6.692959741,7.326679796,9.263569276,9.677075729,7.827762826,8.319791496,9.573791567,5.66886081,6.309062512,7.778417108,4.951582859,14.33141321,11.4155619,1.70347024,1.774393153,2.001498946,2.197493367,2.624261613,2.828397103,3.474965386,3.536480824,8.011688075,1.670014372,2.498279966,0,0.612499468,1.399019061,1.310613414,3.661370212,3.320301573,11.2114312,11.95459599,15.84252897,1.303922498,2.761499836,5.944774798,3.202229516,1.732281468,11.30479003,11.83669237,12.13299963,10.85842671,12.34715344,13.10242788,13.9723075,12.52103106,4.553456391,4.618417983,3.763483292,0.949376549,4.412303773,3.407785365,6.032728187
260210022002,1.070917061,3.03341567,5.931768565,1.056314747,1.929948807,3.0637468,2.777131442,1.673885894,1.199526266,14.17530273,1.198980522,9.427088954,4.79110847,5.670528104,5.377868842,6.152309014,6.227968631,6.83477986,8.814078705,9.179610979,7.300268742,7.74739731,9.024978431,5.056362067,5.713840361,7.165937259,4.418949133,13.82837323,10.84647072,1.666096507,1.248436778,1.570237689,1.838188603,2.272822493,2.39921179,2.991434649,3.291623222,7.446637741,1.066832346,1.886379184,0.612499468,0,1.877853498,1.547233371,3.714503258,3.013780714,10.61858033,11.42074416,15.29036982,1.15580566,2.590900581,6.520242451,3.119734329,2.276278064,10.73160908,11.25576698,11.56704445,10.24629903,11.75176052,12.50720527,13.35989114,11.9417955,4.23678486,4.217872774,3.389244464,0.690124967,3.901869347,3.996824761,6.528024854
260210023001,1.120459353,4.891802529,7.807605401,1.844558831,3.796759323,1.191693346,4.435012528,3.548132831,2.943902992,15.96418325,2.578032866,7.561721245,6.664379036,7.452304588,7.217898417,8.029820978,8.083424502,8.705172952,10.65907862,11.05269627,9.178050568,9.599092939,10.89668163,6.71764789,7.522501665,8.803568754,5.511866505,15.70365669,12.6998983,2.995963718,3.123315136,3.393989019,3.596231232,4.021614784,4.223940192,4.854980709,4.896702821,8.640459584,2.739491251,3.58779224,1.399019061,1.877853498,0,0.782128338,2.826075337,3.345128482,12.42364609,13.29739991,17.15853262,2.674729814,4.093730303,4.711823588,4.46050661,1.977933021,11.94393397,12.51659358,12.72851342,11.84393926,13.12110511,13.87168609,14.96539511,13.18708419,5.937259435,6.017413661,5.161364338,2.348355453,5.777142524,2.27962937,4.651966696
260210023002,1.295699108,4.396728523,7.343559929,1.146130389,3.446727889,1.714978646,4.302342161,3.117455142,2.734867326,15.34611535,1.923008074,8.122786735,6.272423236,7.216308793,6.904450166,7.602730293,7.73882965,8.31842657,10.33161892,10.65048087,8.731215233,9.062767344,10.40417096,6.051358332,6.9418708,8.117321615,4.737686095,15.28459461,12.15976129,3.013009386,2.758180952,3.115939368,3.381991202,3.816848104,3.941653545,4.503904291,4.803187737,7.866783589,2.173224596,2.989839805,1.310613414,1.547233371,0.782128338,0,2.385300157,2.577802246,11.82437274,12.82711821,16.64617368,2.586588734,4.053992523,5.370455202,4.512023236,2.517463872,11.16862448,11.74478694,11.9497956,11.13603697,12.36119758,13.11050568,14.25589919,12.41355064,5.777719222,5.762247865,4.936477749,2.171150848,5.37954364,3.021112157,5.124859742
260210024001,3.679093831,5.897258803,8.75760305,2.780918089,5.350151547,2.672250816,6.457301829,4.904636293,4.889897715,16.00616455,3.365063514,7.836334169,7.916535718,9.141010397,8.694749391,9.108891667,9.439364638,9.905308626,12.01436478,12.14602944,10.14858417,10.18626599,11.64123599,6.755460921,7.98411867,8.583966317,4.597829268,16.67113601,13.19616444,5.331757146,4.70660546,5.157815394,5.486643913,5.908353303,5.918213386,6.326665068,6.984345832,7.481364092,3.813500132,4.360346118,3.661370212,3.714503258,2.826075337,2.385300157,0,2.120742056,12.6282748,14.09065348,17.72312332,4.856512059,6.30540317,5.743222813,6.819677589,4.799107516,10.63312301,11.27094624,11.3028457,11.35416041,12.06174161,12.77970276,14.40016945,11.89119425,7.854423452,7.696746416,6.94932024,4.401087635,7.053863615,4.186134081,4.758782576
260210024002,3.59415931,4.151210925,6.84545605,1.98715479,4.000134751,3.906384596,5.316954469,3.498891896,3.918644453,13.88545177,2.051416036,9.832483374,6.164875404,7.582606325,7.028202692,7.237700506,7.683556362,8.064994273,10.20218751,10.22519975,8.21380327,8.141460939,9.619349568,4.655516524,5.941590033,6.463916648,2.524714574,14.67484553,11.11392868,4.626532148,3.499360852,3.991894881,4.362807994,4.72214441,4.587672287,4.803236059,5.84998061,5.551173542,2.50858141,2.701789555,3.320301573,3.013780714,3.345128482,2.577802246,2.120742056,0,10.51499828,12.06276274,15.63779425,4.092645986,5.348784995,7.464555829,5.960330752,4.956615302,8.801889415,9.412056194,9.536124621,9.267004753,10.12847633,10.86257488,12.33613006,10.05964527,6.518401675,6.202227097,5.582196463,3.635277948,5.360817326,5.424563216,6.732509673
260210110002,11.65860723,7.615374536,5.086194584,10.68680727,8.925502382,13.53598118,9.236716216,8.989269483,9.926985004,3.570832039,9.902986249,19.94639857,6.435460895,7.122046993,6.59462131,5.173843089,5.845271063,5.096029779,5.194656832,4.006079272,4.197260643,3.059478761,2.627341368,5.88420591,4.905450201,4.172833333,8.223558356,5.38291446,1.390754543,10.51845182,9.476769088,9.426258542,9.448502925,9.190733681,8.778510058,8.048946832,9.207684839,6.673486083,9.684897943,8.842264613,11.2114312,10.61858033,12.42364609,11.82437274,12.6282748,10.51499828,0,3.010062154,5.290038787,10.38916114,9.821256465,17.12837351,10.14608947,12.4800479,6.628813386,6.411023082,7.281122845,3.108896381,5.685437848,6.058992744,4.290215871,6.790513289,8.353987143,7.698481312,8.380066416,10.42198455,7.11473531,14.61536428,16.91404367
